1741.250000
-611.875000
581.683716
-135.322560
334.250000
9.625000
-204.125000
62.500000
-3.712311
391.913933
-36.062446
4.419417
-5.480078
15.202796
52.856232
10.783378
-1.500000
-2.250000
70.500000
-4.750000
0.500000
-22.500000
14.500000
-30.250000
-10.500000
-234.250000
-0.250000
8.750000
20.750000
4.000000
4.000000
1.750000
-1.414214
2.828427
1.060660
-0.707107
-2.474874
108.540891
-0.707107
-2.474874
1.060660
1.060660
-13.081475
4.596194
20.152543
2.474874
3.181981
-44.547727
-217.788889
-161.927453
36.769553
8.131728
2.828427
0.353553
-1.060660
10.606602
-7.424621
34.648232
2.121320
4.242641
0.353553
2.474874
-0.707107
6.010408
2.500000
3.500000
-1.000000
-1.000000
-1.500000
0.000000
0.500000
3.500000
-0.500000
-6.000000
-2.500000
160.000000
-1.000000
0.000000
-1.500000
0.000000
1.000000
0.500000
-0.500000
-1.000000
-8.000000
-8.500000
3.000000
8.500000
9.000000
-0.500000
0.000000
1.500000
2.500000
1.000000
0.000000
-62.000000
-28.000000
-82.000000
47.000000
-4.000000
111.000000
1.000000
7.000000
-1.500000
2.500000
-1.500000
-1.000000
1.500000
0.500000
1.000000
-1.000000
16.000000
-6.500000
1.000000
1.500000
3.500000
2.500000
0.500000
2.000000
1.000000
-0.500000
1.000000
2.000000
0.500000
0.000000
1.000000
2.000000
1.500000
-2.121320
-1.414214
1.414214
-2.121320
0.000000
-1.414214
-1.414214
-1.414214
3.535534
2.828427
2.121320
0.707107
0.000000
-0.707107
0.000000
0.707107
0.000000
-0.707107
1.414214
-2.828427
-2.828427
-0.707107
4.949747
4.949747
0.000000
0.000000
0.000000
0.000000
-0.707107
0.000000
0.000000
0.000000
0.000000
0.000000
0.000000
-0.707107
0.000000
0.707107
0.000000
0.000000
-0.707107
-3.535534
2.121320
1.414214
-4.949747
3.535534
-1.414214
0.707107
7.071068
1.414214
0.000000
-0.707107
0.000000
0.000000
0.000000
0.707107
0.000000
0.707107
0.000000
0.000000
0.000000
0.000000
-0.707107
-74.246212
2.828427
-38.183766
-76.367532
12.727922
28.991378
-26.162951
-7.778175
-3.535534
77.074639
0.707107
-41.719300
-21.920310
4.949747
0.707107
0.707107
-1.414214
-0.707107
1.414214
0.707107
0.000000
0.000000
-1.414214
1.414214
-0.707107
-1.414214
-0.707107
-1.414214
-1.414214
-2.828427
2.828427
1.414214
16.970563
-9.192388
1.414214
0.707107
0.707107
0.000000
6.363961
2.121320
2.828427
2.121320
-2.828427
0.000000
2.121320
1.414214
1.414214
-0.707107
2.121320
-2.828427
-0.707107
2.121320
0.707107
1.414214
1.414214
-2.121320
2.828427
0.707107
0.707107
-0.707107
-0.707107
-1.414214
0.000000
-0.707107
0.000000
