162.000000
165.000000
160.000000
162.000000
166.000000
164.000000
160.000000
163.000000
164.000000
164.000000
164.000000
166.000000
161.000000
163.000000
162.000000
164.000000
166.000000
161.000000
167.000000
163.000000
165.000000
162.000000
164.000000
163.000000
165.000000
165.000000
164.000000
165.000000
167.000000
167.000000
164.000000
163.000000
166.000000
166.000000
166.000000
167.000000
166.000000
164.000000
169.000000
173.000000
167.000000
171.000000
171.000000
172.000000
177.000000
170.000000
17.000000
10.000000
9.000000
9.000000
10.000000
10.000000
10.000000
10.000000
10.000000
10.000000
10.000000
11.000000
12.000000
12.000000
13.000000
13.000000
13.000000
13.000000
15.000000
15.000000
14.000000
14.000000
14.000000
14.000000
13.000000
14.000000
14.000000
14.000000
15.000000
14.000000
13.000000
13.000000
14.000000
14.000000
12.000000
13.000000
18.000000
23.000000
23.000000
20.000000
31.000000
29.000000
32.000000
39.000000
35.000000
30.000000
34.000000
36.000000
27.000000
26.000000
39.000000
29.000000
26.000000
24.000000
15.000000
15.000000
15.000000
16.000000
16.000000
16.000000
16.000000
16.000000
15.000000
15.000000
14.000000
13.000000
12.000000
12.000000
10.000000
9.000000
9.000000
9.000000
8.000000
8.000000
9.000000
9.000000
9.000000
9.000000
9.000000
10.000000
19.000000
124.000000
17.000000
13.000000
16.000000
70.000000
88.000000
196.000000
233.000000
215.000000
98.000000
57.000000
12.000000
49.000000
161.000000
172.000000
168.000000
173.000000
175.000000
66.000000
10.000000
9.000000
10.000000
69.000000
23.000000
54.000000
179.000000
172.000000
169.000000
168.000000
166.000000
165.000000
166.000000
168.000000
165.000000
166.000000
164.000000
162.000000
162.000000
161.000000
163.000000
163.000000
163.000000
163.000000
163.000000
165.000000
165.000000
163.000000
162.000000
163.000000
159.000000
161.000000
159.000000
160.000000
160.000000
162.000000
159.000000
161.000000
157.000000
161.000000
162.000000
158.000000
161.000000
159.000000
156.000000
132.000000
169.000000
182.000000
183.000000
181.000000
185.000000
184.000000
184.000000
183.000000
184.000000
184.000000
187.000000
178.000000
162.000000
159.000000
159.000000
155.000000
162.000000
159.000000
156.000000
160.000000
158.000000
158.000000
159.000000
156.000000
160.000000
158.000000
158.000000
156.000000
155.000000
156.000000
156.000000
153.000000
152.000000
156.000000
154.000000
155.000000
156.000000
153.000000
154.000000
153.000000
155.000000
153.000000
153.000000
151.000000
150.000000
153.000000
153.000000
149.000000
150.000000
149.000000
150.000000
149.000000
150.000000
151.000000
149.000000
150.000000
151.000000
153.000000
150.000000
150.000000
147.000000
148.000000
146.000000
146.000000
