2893.062500
257.562500
-69.208076
60.104076
-163.875000
-35.000000
48.000000
-17.500000
-238.648539
27.753941
70.533901
8.308505
59.573746
141.951686
-22.450640
60.634406
-188.500000
-12.500000
-4.250000
36.000000
66.500000
6.750000
-36.500000
23.750000
28.750000
-50.000000
33.000000
-11.250000
-12.500000
-7.250000
-28.750000
31.000000
-22.627417
-62.225397
-5.303301
-4.596194
6.717514
-16.970563
32.880465
-48.436815
1.414214
20.506097
4.596194
2.121320
-56.568542
6.363961
2.474874
2.121320
4.242641
16.617009
24.041631
-29.698485
2.474874
8.131728
8.131728
2.828427
-9.545942
-5.303301
3.889087
9.899495
13.081475
3.535534
9.545942
32.880465
-13.000000
-11.000000
-96.500000
-5.500000
5.000000
-0.500000
6.000000
9.500000
-3.000000
12.500000
-6.500000
-6.500000
-4.000000
31.500000
-6.500000
-23.000000
0.500000
-1.500000
50.500000
-0.500000
-2.000000
2.500000
0.500000
3.500000
4.500000
-7.500000
2.500000
-0.500000
3.500000
1.000000
8.500000
6.500000
6.500000
2.500000
0.500000
5.000000
4.000000
16.000000
-2.000000
-10.000000
-8.500000
1.000000
6.500000
4.000000
43.000000
-18.500000
0.500000
20.500000
1.500000
-9.000000
4.000000
13.500000
-0.500000
3.000000
-6.000000
5.000000
-2.500000
-16.000000
-7.500000
6.500000
4.000000
4.500000
6.500000
1.000000
-4.949747
-4.949747
0.707107
-10.606602
-26.870058
12.020815
-3.535534
-5.656854
-1.414214
1.414214
-1.414214
-0.707107
4.242641
-2.828427
-1.414214
-0.707107
-4.242641
0.000000
2.828427
7.778175
0.000000
-2.121320
-1.414214
-0.707107
-1.414214
-1.414214
13.435029
5.656854
0.000000
-3.535534
-9.899495
-5.656854
3.535534
0.000000
-0.707107
-1.414214
5.656854
-2.121320
-1.414214
-0.707107
0.707107
-0.707107
2.121320
0.000000
-0.707107
0.000000
0.707107
-1.414214
-1.414214
2.121320
-15.556349
-0.707107
0.707107
-1.414214
0.707107
1.414214
-0.707107
0.000000
2.121320
2.121320
0.000000
6.363961
3.535534
1.414214
2.121320
0.000000
-2.121320
1.414214
2.121320
0.000000
1.414214
4.242641
2.121320
2.121320
2.121320
0.707107
-28.991378
9.192388
-0.707107
-2.121320
0.000000
-2.121320
1.414214
5.656854
0.000000
3.535534
-5.656854
2.828427
7.778175
3.535534
-9.899495
-4.949747
2.828427
0.707107
-4.242641
2.121320
-6.363961
4.242641
-1.414214
-7.071068
0.707107
-0.707107
2.828427
10.606602
-2.121320
-4.242641
2.121320
-0.707107
2.121320
2.121320
5.656854
-2.828427
-7.778175
0.000000
-2.121320
-3.535534
-5.656854
-2.121320
2.121320
0.000000
4.242641
-1.414214
3.535534
-2.828427
-1.414214
13.435029
-5.656854
0.000000
